19
0,0,0,255
33,355
50
20
0
2
0
0,0,0,255
33,302
50
20
0
2
0
0,0,0,255
33,249
50
20
0
2
0
0,0,0,255
32,198
50
20
0
2
0
0,0,0,255
33,147
50
20
0
2
0
36,60,174,255
384,61
20
20
2
0
0
240,207,46,255
34,124
20
20
3
2
0
0,0,0,255
151,360
50
20
0
2
0
0,0,0,255
150,303
50
20
0
2
0
0,0,0,255
149,252
50
20
0
2
0
0,0,0,255
150,199
50
20
0
2
0
240,207,46,255
149,179
20
20
3
2
0
0,0,0,255
247,358
50
20
0
2
0
0,0,0,255
247,303
50
20
0
2
0
0,0,0,255
247,250
50
20
0
2
0
0,0,0,255
247,198
50
20
0
2
0
0,0,0,255
247,143
50
20
0
2
0
0,0,0,255
247,82
50
20
0
2
0
240,207,46,255
203,386
20
20
3
2
0
